2 0.3522423 25562.0
3 0.2015794 23153.0
4 0.2150906 23581.0
5 0.2325216 23472.0
6 0.2273206 22548.0
7 0.1776607 23914.0
8 0.1839711 23720.0
9 0.2290446 24131.0
10 0.2252706 23738.0
11 0.2365036 22792.0
12 0.2325102 23808.0
13 0.2472079 23390.0
14 0.2658168 23378.0
15 0.2753043 22900.0
16 0.3034271 22265.0
17 0.3222599 22563.0
18 0.4063182 21821.0
19 0.3982512 22800.0
20 0.3602054 22658.0
21 0.3788563 22797.0
22 0.4120184 23382.0
23 0.4383171 22682.0
24 0.4735247 23143.0
25 0.4750896 22173.0
26 0.4990473 23028.0
27 0.5213364 22361.0
28 0.5362198 22342.0
29 0.5506998 23352.0
30 0.5696491 22266.0
31 0.544739 23074.0
32 0.5586176 23533.0
33 0.5824963 22446.0
34 0.6599272 22693.0
35 0.6370048 22949.0
36 0.6290496 22363.0
37 0.6268935 22203.0
38 0.6508475 22969.0
39 0.6588761 22268.0
40 0.6804229 22681.0
41 0.6987427 23040.0
42 0.7082633 23063.0
43 0.7397855 20392.0
44 0.7441396 22321.0
45 0.7607595 22952.0
46 0.7704492 22714.0
47 0.7866922 22288.0
48 0.8052975 22927.0
49 0.8179395 21526.0
50 0.8387549 22577.0
51 0.8527334 22739.0
52 0.8559796 22612.0
53 0.8814931 22483.0
54 0.9018816 22513.0
55 0.9238008 22144.0
56 0.9324261 22930.0
57 0.9577088 22222.0
58 0.9755162 22377.0
59 1.021569 22258.0
60 1.0058063 22525.0
61 1.0292687 23138.0
62 1.0407002 23137.0
63 1.0660602 22726.0
64 1.0722684 23023.0
65 1.0962818 21914.0
66 1.1217599 22068.0
67 1.1314808 22701.0
68 1.1492746 22677.0
69 1.1706294 21956.0
70 1.1724758 22256.0
71 1.1749865 22634.0
72 1.1881321 22341.0
73 1.2144485 22170.0
74 1.2095866 22381.0
75 1.2293755 22349.0
76 1.2753122 22016.0
77 1.2722599 22291.0
78 1.2914398 22234.0
79 1.2914746 21803.0
80 1.3252244 22306.0
81 1.3218095 22105.0
82 1.4019818 22085.0
83 1.4122729 22270.0
84 1.3830465 22695.0
85 1.3805158 22764.0
86 1.4200787 22131.0
87 1.4142333 22157.0
88 1.4533217 22325.0
89 1.4484877 22758.0
90 1.5895194 22431.0
91 1.6345458 22257.0
92 1.7605752 22154.0
93 1.9165606 22726.0
94 1.7552857 22214.0
95 1.7243028 22650.0
96 1.7950686 21992.0
97 1.7635461 22454.0
98 1.7638962 21844.0
99 1.9471695 22055.0
100 1.8362335 22250.0
