2 0.1202997 895.0
3 0.0649702 831.0
4 0.0722244 852.0
5 0.0755094 789.0
6 0.0895608 801.0
7 0.1016484 831.0
8 0.1280469 790.0
9 0.121099 833.0
10 0.1239766 789.0
11 0.1352888 806.0
12 0.1437454 790.0
13 0.1536481 781.0
14 0.1519238 781.0
15 0.1589781 785.0
16 0.167871 789.0
17 0.1728287 782.0
18 0.1853137 789.0
19 0.1854881 789.0
20 0.1992398 789.0
21 0.2047616 789.0
22 0.2088638 810.0
23 0.2281186 808.0
24 0.2283476 781.0
25 0.2391339 785.0
26 0.2432113 781.0
27 0.2644496 785.0
28 0.2615492 785.0
29 0.2717347 785.0
30 0.2797997 785.0
31 0.2957974 789.0
32 0.2976063 785.0
33 0.3080063 781.0
34 0.3227025 789.0
35 0.3293352 789.0
36 0.3531715 785.0
37 0.3577409 782.0
38 0.3518986 781.0
39 0.3570918 785.0
40 0.3825944 789.0
41 0.3805558 781.0
42 0.3948712 789.0
43 0.403555 782.0
44 0.4072855 789.0
45 0.4237582 789.0
46 0.4231965 785.0
47 0.4399163 782.0
48 0.4401889 781.0
49 0.4540008 785.0
50 0.4672914 785.0
51 0.4711087 785.0
52 0.4836176 781.0
53 0.4920609 781.0
54 0.5056686 781.0
55 0.5037844 781.0
56 0.5192533 789.0
57 0.5277899 785.0
58 0.5394116 781.0
59 0.5481426 781.0
60 0.5584634 785.0
61 0.5680491 782.0
62 0.5761449 789.0
63 0.5905846 781.0
64 0.5914498 789.0
65 0.6072881 785.0
66 0.6165036 789.0
67 0.6312043 789.0
68 0.6465581 781.0
69 0.6611993 785.0
70 0.6655071 789.0
71 0.679409 785.0
72 0.6771772 781.0
73 0.6756183 786.0
74 0.6886771 789.0
75 0.6954664 781.0
76 0.7001966 782.0
77 0.7163078 786.0
78 0.7387059 781.0
79 0.7548876 782.0
80 0.7576674 781.0
81 0.7714346 781.0
82 0.7819567 781.0
83 0.7791062 785.0
84 0.7849442 781.0
85 0.793653 781.0
86 0.8017068 781.0
87 0.8153773 785.0
88 0.8266179 781.0
89 0.8320993 786.0
90 0.8415559 785.0
91 0.8605114 785.0
92 0.8648994 781.0
93 0.8719611 781.0
94 0.8854534 781.0
95 0.892356 781.0
96 0.9043553 785.0
97 0.9224881 781.0
98 0.931638 785.0
99 0.9462236 782.0
100 0.952076 785.0
