2 1.256649 51916.0
3 0.9557956 52139.0
4 0.661414 46235.0
5 1.205969 50006.0
6 1.1596955 48947.0
7 0.6014835 48818.0
8 0.6092398 48542.0
9 0.8220115 48768.0
10 0.8440573 48541.0
11 0.8612233 48452.0
12 0.9014243 48035.0
13 0.9171435 48029.0
14 0.9288868 47682.0
15 0.9850954 49041.0
16 1.1241879 48250.0
17 1.2309757 47427.0
18 1.2657982 47197.0
19 1.2867257 46827.0
20 1.326381 47133.0
21 1.3498228 46569.0
22 1.4088958 47009.0
23 1.483463 47261.0
24 1.5758462 47446.0
25 1.6419678 45533.0
26 1.7078155 46397.0
27 1.7576449 46701.0
28 1.7868444 47092.0
29 1.8203013 47097.0
30 1.8763712 47525.0
31 1.9523986 46349.0
32 2.0386165 45755.0
33 2.1059976 45061.0
34 2.1459255 45884.0
35 2.1798194 45983.0
36 2.2356158 46155.0
37 2.273128 46359.0
38 2.3580779 45953.0
39 2.4305266 45836.0
40 2.5168441 46355.0
41 2.5520357 46335.0
42 2.6008552 46353.0
43 2.6272378 46059.0
44 2.690143 46415.0
45 2.8202791 44323.0
46 2.9571165 46105.0
47 3.0582971 43527.0
48 3.0326571 46377.0
49 3.1468885 46541.0
50 3.2201104 45950.0
51 3.4678125 45018.0
52 4.3572022 46565.0
53 4.3814734 45692.0
54 4.2562535 45679.0
55 3.4127403 46442.0
56 3.4041929 46768.0
57 3.4611838 46141.0
58 3.6253702 46581.0
59 3.5900372 46268.0
60 3.640338 46028.0
61 3.8025408 43421.0
62 3.7598113 44865.0
63 3.8217128 45463.0
64 3.8526221 45206.0
65 3.9188261 45333.0
66 3.9643383 45483.0
67 4.0405345 46035.0
68 4.1897603 45506.0
69 4.2620867 44904.0
70 4.385954 45174.0
71 4.4249341 45982.0
72 4.3903403 45327.0
73 4.4872891 46018.0
74 4.5033245 45662.0
75 4.4916241 45963.0
76 4.5527544 45444.0
77 4.7081682 45758.0
78 4.6771919 45049.0
79 4.8375589 45808.0
80 4.8182948 44705.0
81 4.997407 45675.0
82 5.1401487 45578.0
83 5.0874497 45649.0
84 5.4280934 45387.0
85 5.4821391 45679.0
86 6.1503941 44237.0
87 7.2213238 44972.0
88 6.9048938 45795.0
89 7.2339396 45087.0
90 6.8031032 44728.0
91 6.9267254 45432.0
92 7.2539272 45178.0
93 7.2897592 44158.0
94 7.4324033 46352.0
95 7.6309948 44837.0
96 7.932913 43617.0
97 7.1881117 45042.0
98 6.6008782 44954.0
99 7.6458713 45541.0
100 7.7118493 45177.0
