2 0.368000 24347.000000
3 0.409000 25880.000000
4 0.481000 24912.000000
5 0.409000 24479.000000
6 0.389000 23802.000000
7 0.398000 23657.000000
8 0.411000 23108.000000
9 1.137000 23497.000000
10 1.048000 22170.000000
11 1.365000 22434.000000
12 1.101000 23676.000000
13 0.956000 23526.000000
14 0.700000 22884.000000
15 0.615000 23439.000000
16 0.689000 22172.000000
17 0.840000 23209.000000
18 0.978000 22422.000000
19 0.860000 23534.000000
20 0.878000 23316.000000
21 0.974000 22713.000000
22 0.882000 22966.000000
23 0.893000 23410.000000
24 1.010000 23196.000000
25 1.120000 22445.000000
26 1.215000 22291.000000
27 1.138000 22455.000000
28 1.147000 22688.000000
29 1.159000 22882.000000
30 1.175000 22687.000000
31 1.184000 22879.000000
32 1.363000 22952.000000
33 1.401000 23300.000000
34 1.409000 22450.000000
35 1.419000 22335.000000
36 1.429000 21418.000000
37 1.508000 21563.000000
38 1.480000 22554.000000
39 1.485000 22886.000000
40 1.666000 23034.000000
41 1.744000 22103.000000
42 1.687000 22783.000000
43 1.705000 22823.000000
44 1.741000 22437.000000
45 1.715000 22517.000000
46 1.733000 22471.000000
47 1.760000 22897.000000
48 1.863000 22206.000000
49 1.956000 23209.000000
50 2.100000 22769.000000
51 2.280000 22745.000000
52 2.079000 22933.000000
53 2.978000 22916.000000
54 3.068000 22743.000000
55 3.060000 22907.000000
56 3.193000 22828.000000
57 3.283000 22451.000000
58 3.336000 22410.000000
59 3.314000 22651.000000
60 2.670000 22633.000000
61 2.291000 22436.000000
62 2.314000 22604.000000
63 2.325000 22663.000000
64 2.412000 22547.000000
65 2.515000 22150.000000
66 2.521000 22691.000000
67 2.537000 21816.000000
68 2.546000 22649.000000
69 2.567000 22499.000000
70 2.575000 22327.000000
71 2.611000 22053.000000
72 2.686000 22385.000000
73 2.845000 22638.000000
74 2.801000 21851.000000
75 2.824000 22810.000000
76 2.871000 22429.000000
77 2.905000 22291.000000
78 2.862000 22552.000000
79 2.898000 21672.000000
80 2.971000 22614.000000
81 3.079000 22676.000000
82 3.088000 22413.000000
83 3.094000 21768.000000
84 3.160000 21446.000000
85 3.165000 22218.000000
86 3.162000 22449.000000
87 3.167000 22597.000000
88 3.236000 22135.000000
89 3.490000 22528.000000
90 4.055000 22496.000000
91 4.978000 21800.000000
92 4.958000 22459.000000
93 5.133000 22217.000000
94 4.583000 22534.000000
95 3.510000 22406.000000
96 3.530000 21982.000000
97 3.634000 22107.000000
98 3.657000 22528.000000
99 3.725000 22236.000000
100 3.676000 21819.000000
