2 2.053000 54183.000000
3 2.015000 50410.000000
4 1.902000 52109.000000
5 1.797000 49021.000000
6 1.812000 48388.000000
7 1.831000 47567.000000
8 1.984000 47272.000000
9 4.981000 45090.000000
10 3.649000 49839.000000
11 3.560000 46617.000000
12 3.481000 48168.000000
13 3.432000 47185.000000
14 3.498000 47271.000000
15 3.597000 48391.000000
16 3.891000 46755.000000
17 4.931000 46663.000000
18 5.038000 44087.000000
19 5.010000 45970.000000
20 5.037000 47769.000000
21 5.176000 48014.000000
22 5.158000 46170.000000
23 5.228000 47033.000000
24 5.643000 48604.000000
25 6.530000 46407.000000
26 6.605000 46606.000000
27 6.744000 46837.000000
28 6.722000 46507.000000
29 6.750000 45969.000000
30 6.901000 46424.000000
31 7.114000 46206.000000
32 10.420000 46311.000000
33 11.342000 47302.000000
34 11.748000 45039.000000
35 12.287000 45683.000000
36 11.616000 46633.000000
37 8.970000 46295.000000
38 9.487000 45778.000000
39 8.674000 45146.000000
40 9.441000 46540.000000
41 10.580000 46414.000000
42 10.866000 45864.000000
43 10.268000 46214.000000
44 10.121000 46350.000000
45 10.401000 46740.000000
46 10.166000 46429.000000
47 11.545000 46581.000000
48 15.458000 46309.000000
49 15.892000 46032.000000
50 15.721000 44841.000000
51 14.654000 43942.000000
52 13.919000 46804.000000
53 17.056000 45310.000000
54 17.197000 46194.000000
55 17.532000 45704.000000
56 17.863000 46144.000000
57 18.288000 45987.000000
58 18.316000 44951.000000
59 18.835000 46202.000000
60 18.897000 46272.000000
61 19.794000 45385.000000
62 19.601000 45031.000000
63 14.962000 45596.000000
64 14.003000 44751.000000
65 14.868000 46392.000000
66 14.931000 42502.000000
67 15.025000 46151.000000
68 15.100000 46176.000000
69 17.259000 45543.000000
70 22.076000 44687.000000
71 22.165000 45602.000000
72 22.324000 45196.000000
73 23.062000 44214.000000
74 22.880000 46442.000000
75 23.664000 44901.000000
76 24.015000 44881.000000
77 24.321000 44781.000000
78 21.679000 45619.000000
79 16.970000 45030.000000
80 17.248000 45484.000000
81 18.147000 43526.000000
82 18.301000 45095.000000
83 18.311000 45821.000000
84 18.325000 44778.000000
85 18.426000 45578.000000
86 18.486000 45368.000000
87 19.129000 44519.000000
88 20.507000 45486.000000
89 20.004000 46121.000000
90 20.119000 44601.000000
91 27.969000 45232.000000
92 27.792000 44927.000000
93 28.957000 44773.000000
94 28.793000 45538.000000
95 28.581000 45754.000000
96 29.204000 46255.000000
97 30.274000 45373.000000
98 27.420000 45505.000000
99 30.850000 45401.000000
100 26.933000 45729.000000
