2 0.024000 857.000000
3 0.027000 848.000000
4 0.031000 811.000000
5 0.037000 804.000000
6 0.030000 801.000000
7 0.033000 804.000000
8 0.040000 790.000000
9 0.044000 785.000000
10 0.039000 789.000000
11 0.038000 805.000000
12 0.048000 789.000000
13 0.041000 805.000000
14 0.040000 785.000000
15 0.047000 789.000000
16 0.054000 781.000000
17 0.055000 789.000000
18 0.054000 789.000000
19 0.059000 785.000000
20 0.069000 789.000000
21 0.069000 789.000000
22 0.064000 789.000000
23 0.069000 789.000000
24 0.062000 789.000000
25 0.074000 789.000000
26 0.086000 789.000000
27 0.081000 802.000000
28 0.085000 785.000000
29 0.086000 782.000000
30 0.092000 785.000000
31 0.092000 785.000000
32 0.101000 789.000000
33 0.094000 785.000000
34 0.098000 801.000000
35 0.094000 789.000000
36 0.109000 781.000000
37 0.101000 789.000000
38 0.101000 789.000000
39 0.108000 785.000000
40 0.120000 785.000000
41 0.107000 790.000000
42 0.111000 789.000000
43 0.116000 789.000000
44 0.112000 789.000000
45 0.128000 789.000000
46 0.119000 789.000000
47 0.129000 789.000000
48 0.134000 781.000000
49 0.132000 781.000000
50 0.134000 785.000000
51 0.137000 785.000000
52 0.144000 785.000000
53 0.133000 789.000000
54 0.155000 786.000000
55 0.149000 781.000000
56 0.156000 789.000000
57 0.163000 789.000000
58 0.162000 781.000000
59 0.184000 781.000000
60 0.181000 781.000000
61 0.169000 781.000000
62 0.168000 789.000000
63 0.170000 781.000000
64 0.178000 785.000000
65 0.184000 781.000000
66 0.183000 781.000000
67 0.185000 781.000000
68 0.184000 786.000000
69 0.178000 789.000000
70 0.190000 781.000000
71 0.189000 785.000000
72 0.199000 781.000000
73 0.199000 789.000000
74 0.205000 781.000000
75 0.223000 785.000000
76 0.220000 781.000000
77 0.220000 785.000000
78 0.211000 781.000000
79 0.212000 782.000000
80 0.217000 789.000000
81 0.240000 789.000000
82 0.284000 781.000000
83 0.234000 781.000000
84 0.230000 785.000000
85 0.245000 781.000000
86 0.240000 781.000000
87 0.243000 781.000000
88 0.276000 786.000000
89 0.256000 782.000000
90 0.252000 785.000000
91 0.250000 781.000000
92 0.260000 785.000000
93 0.275000 785.000000
94 0.268000 782.000000
95 0.281000 789.000000
96 0.293000 781.000000
97 0.299000 781.000000
98 0.278000 782.000000
99 0.341000 781.000000
100 0.322000 782.000000
