1000 0.000000
2000 0.000000
3000 0.000000
4000 0.000000
5000 0.000000
6000 0.000000
7000 0.000000
8000 0.000000
9000 0.015000
10000 0.000000
11000 0.019000
12000 0.002000
13000 0.016000
14000 0.000000
15000 0.015000
16000 0.016000
17000 0.016000
18000 0.031000
19000 0.016000
20000 0.015000
21000 0.031000
22000 0.032000
23000 0.031000
24000 0.034000
25000 0.031000
26000 0.031000
27000 0.047000
28000 0.031000
29000 0.047000
30000 0.047000
31000 0.063000
32000 0.046000
33000 0.063000
34000 0.062000
35000 0.063000
36000 0.062000
37000 0.078000
38000 0.083000
39000 0.078000
40000 0.078000
41000 0.078000
42000 0.094000
43000 0.094000
44000 0.109000
45000 0.109000
46000 0.094000
47000 0.125000
48000 0.117000
49000 0.125000
50000 0.125000
51000 0.125000
52000 0.141000
53000 0.140000
54000 0.157000
55000 0.140000
56000 0.156000
57000 0.172000
58000 0.165000
59000 0.171000
60000 0.188000
61000 0.187000
62000 0.188000
63000 0.187000
64000 0.203000
65000 0.219000
66000 0.211000
67000 0.219000
68000 0.234000
69000 0.235000
70000 0.234000
71000 0.254000
72000 0.250000
73000 0.250000
74000 0.279000
75000 0.266000
76000 0.281000
77000 0.295000
78000 0.281000
79000 0.313000
80000 0.297000
81000 0.328000
82000 0.328000
83000 0.328000
84000 0.344000
85000 0.353000
86000 0.371000
87000 0.379000
88000 0.379000
89000 0.375000
90000 0.391000
91000 0.390000
92000 0.407000
93000 0.406000
94000 0.422000
95000 0.437000
96000 0.441000
97000 0.445000
98000 0.453000
99000 0.469000
100000 0.475000
101000 0.468000
102000 0.495000
103000 0.500000
104000 0.528000
105000 0.509000
106000 0.531000
107000 0.547000
108000 0.547000
109000 0.546000
110000 0.578000
111000 0.578000
112000 0.578000
113000 0.607000
114000 0.593000
115000 0.631000
116000 0.617000
117000 0.641000
118000 0.656000
119000 0.656000
120000 0.672000
121000 0.680000
122000 0.687000
123000 0.695000
124000 0.719000
125000 0.718000
126000 0.750000
127000 0.734000
128000 0.766000
129000 0.772000
130000 0.767000
131000 0.807000
132000 0.797000
133000 0.812000
134000 0.828000
135000 0.844000
136000 0.836000
137000 0.874000
138000 0.875000
139000 0.891000
140000 0.890000
141000 0.906000
142000 0.930000
143000 0.937000
144000 0.953000
145000 0.965000
146000 0.968000
147000 0.984000
148000 1.000000
149000 1.008000
150000 1.031000
