2 0.125000 851.000000
3 0.142000 849.000000
4 0.058000 862.000000
5 0.071000 808.000000
6 0.078000 812.000000
7 0.092000 845.000000
8 0.095000 797.000000
9 0.117000 822.000000
10 0.108000 798.000000
11 0.117000 782.000000
12 0.127000 782.000000
13 0.138000 832.000000
14 0.150000 869.000000
15 0.161000 802.000000
16 0.178000 841.000000
17 0.183000 782.000000
18 0.179000 812.000000
19 0.187000 828.000000
20 0.199000 815.000000
21 0.209000 808.000000
22 0.222000 798.000000
23 0.220000 823.000000
24 0.242000 800.000000
25 0.245000 806.000000
26 0.260000 855.000000
27 0.246000 838.000000
28 0.271000 846.000000
29 0.275000 832.000000
30 0.289000 811.000000
31 0.279000 802.000000
32 0.294000 852.000000
33 0.285000 850.000000
34 0.283000 861.000000
35 0.283000 858.000000
36 0.288000 797.000000
37 0.296000 802.000000
38 0.289000 829.000000
39 0.270000 881.000000
40 0.271000 857.000000
41 0.284000 841.000000
42 0.277000 910.000000
43 0.291000 853.000000
44 0.309000 830.000000
45 0.307000 859.000000
46 0.310000 782.000000
47 0.319000 782.000000
48 0.329000 848.000000
49 0.372000 802.000000
50 0.343000 818.000000
51 0.344000 861.000000
52 0.348000 881.000000
53 0.359000 782.000000
54 0.365000 857.000000
55 0.366000 899.000000
56 0.380000 838.000000
57 0.381000 852.000000
58 0.391000 811.000000
59 0.403000 861.000000
60 0.407000 855.000000
61 0.421000 816.000000
62 0.422000 821.000000
63 0.430000 897.000000
64 0.433000 848.000000
65 0.445000 823.000000
66 0.453000 846.000000
67 0.457000 857.000000
68 0.462000 848.000000
69 0.475000 823.000000
70 0.480000 852.000000
71 0.497000 868.000000
72 0.505000 859.000000
73 0.509000 848.000000
74 0.511000 843.000000
75 0.524000 848.000000
76 0.525000 837.000000
77 0.525000 848.000000
78 0.534000 838.000000
79 0.532000 852.000000
80 0.546000 848.000000
81 0.560000 782.000000
82 0.551000 851.000000
83 0.567000 867.000000
84 0.570000 841.000000
85 0.592000 857.000000
86 0.584000 866.000000
87 0.588000 846.000000
88 0.590000 893.000000
89 0.597000 863.000000
90 0.616000 844.000000
91 0.641000 863.000000
92 0.658000 867.000000
93 0.678000 852.000000
94 0.670000 855.000000
95 0.666000 855.000000
96 0.659000 892.000000
97 0.691000 885.000000
98 0.693000 792.000000
99 0.697000 841.000000
100 0.809000 860.000000
