2 1.356000 53452.000000
3 1.237000 53163.000000
4 1.319000 50114.000000
5 1.273000 51926.000000
6 1.383000 49435.000000
7 1.111000 49521.000000
8 1.336000 50036.000000
9 3.139000 48926.000000
10 2.876000 46953.000000
11 2.887000 48576.000000
12 2.907000 49912.000000
13 2.964000 49501.000000
14 2.989000 48179.000000
15 3.169000 47496.000000
16 3.453000 48202.000000
17 4.108000 46962.000000
18 4.171000 48036.000000
19 4.221000 47714.000000
20 4.354000 46899.000000
21 4.376000 46415.000000
22 4.464000 48498.000000
23 4.593000 46598.000000
24 4.932000 48321.000000
25 5.487000 47766.000000
26 5.572000 47242.000000
27 5.665000 46001.000000
28 5.796000 47470.000000
29 5.822000 47156.000000
30 5.828000 47946.000000
31 6.019000 47695.000000
32 6.437000 46816.000000
33 6.852000 46761.000000
34 6.997000 46454.000000
35 6.968000 47059.000000
36 7.048000 46636.000000
37 7.192000 46108.000000
38 7.187000 47038.000000
39 7.359000 46536.000000
40 8.023000 46469.000000
41 8.214000 45991.000000
42 8.291000 46936.000000
43 8.378000 47356.000000
44 8.427000 45445.000000
45 8.527000 46305.000000
46 8.658000 46465.000000
47 8.844000 47210.000000
48 9.264000 47275.000000
49 9.558000 46298.000000
50 9.661000 46418.000000
51 9.697000 46985.000000
52 9.752000 46575.000000
53 9.868000 46484.000000
54 9.967000 47361.000000
55 10.251000 46677.000000
56 10.683000 47207.000000
57 10.895000 46743.000000
58 12.254000 46536.000000
59 11.046000 46560.000000
60 20.060000 46167.000000
61 12.023000 46784.000000
62 12.128000 46282.000000
63 19.253000 46642.000000
64 11.245000 46540.000000
65 11.917000 45892.000000
66 12.164000 46562.000000
67 12.105000 47132.000000
68 12.123000 46670.000000
69 12.025000 46070.000000
70 12.139000 45628.000000
71 12.178000 46137.000000
72 12.559000 44826.000000
73 13.250000 46637.000000
74 13.385000 46243.000000
75 13.480000 46168.000000
76 13.563000 46223.000000
77 13.678000 46709.000000
78 14.001000 45577.000000
79 14.151000 46716.000000
80 14.463000 46082.000000
81 14.479000 45311.000000
82 14.639000 46030.000000
83 14.834000 46176.000000
84 14.902000 46417.000000
85 14.958000 45810.000000
86 15.299000 46416.000000
87 15.660000 46315.000000
88 15.853000 45727.000000
89 15.939000 45924.000000
90 16.021000 46680.000000
91 16.109000 46026.000000
92 16.258000 45276.000000
93 16.456000 46748.000000
94 16.578000 46135.000000
95 16.828000 46475.000000
96 17.116000 46013.000000
97 17.032000 45539.000000
98 17.129000 46226.000000
99 17.183000 46624.000000
100 17.453000 46269.000000
