2 0.372000 25436.000000
3 0.237000 25423.000000
4 0.254000 24864.000000
5 0.275000 24945.000000
6 0.276000 24913.000000
7 0.294000 24555.000000
8 0.318000 24648.000000
9 0.395000 24438.000000
10 0.415000 23946.000000
11 0.437000 24316.000000
12 0.442000 22855.000000
13 0.456000 23144.000000
14 0.485000 24303.000000
15 0.516000 23195.000000
16 0.555000 22898.000000
17 0.601000 23559.000000
18 0.624000 23144.000000
19 0.610000 24411.000000
20 0.552000 23914.000000
21 0.574000 23188.000000
22 0.605000 24314.000000
23 0.629000 23741.000000
24 0.652000 22166.000000
25 0.681000 23740.000000
26 0.701000 23485.000000
27 0.751000 23003.000000
28 0.744000 22957.000000
29 0.772000 23980.000000
30 0.802000 23678.000000
31 0.831000 23622.000000
32 0.850000 23731.000000
33 0.879000 23841.000000
34 0.903000 23593.000000
35 0.915000 22182.000000
36 0.950000 22976.000000
37 0.971000 23552.000000
38 0.995000 23537.000000
39 1.018000 24073.000000
40 1.048000 23289.000000
41 1.065000 22957.000000
42 1.089000 23667.000000
43 1.116000 23407.000000
44 1.138000 23438.000000
45 1.162000 23247.000000
46 1.187000 24006.000000
47 1.217000 23307.000000
48 1.240000 24046.000000
49 1.261000 23707.000000
50 1.285000 22920.000000
51 1.308000 22855.000000
52 1.349000 23497.000000
53 1.360000 23822.000000
54 1.379000 23240.000000
55 1.412000 23801.000000
56 1.432000 23290.000000
57 1.464000 23043.000000
58 1.486000 23178.000000
59 1.504000 23527.000000
60 1.527000 23274.000000
61 1.556000 23065.000000
62 1.837000 22823.000000
63 2.079000 23615.000000
64 2.197000 22720.000000
65 2.077000 22593.000000
66 2.271000 23817.000000
67 2.101000 23420.000000
68 2.144000 23964.000000
69 2.117000 23217.000000
70 2.255000 22776.000000
71 2.316000 22855.000000
72 2.395000 23312.000000
73 2.306000 22925.000000
74 2.517000 23347.000000
75 2.478000 23820.000000
76 2.508000 23137.000000
77 2.004000 23563.000000
78 2.020000 23243.000000
79 2.280000 23339.000000
80 2.267000 23254.000000
81 2.211000 22686.000000
82 2.189000 23281.000000
83 2.275000 23420.000000
84 2.174000 23472.000000
85 2.234000 23452.000000
86 2.573000 22678.000000
87 2.705000 23434.000000
88 2.807000 22691.000000
89 2.927000 23360.000000
90 2.909000 22570.000000
91 2.839000 23446.000000
92 2.902000 23285.000000
93 2.933000 23272.000000
94 2.789000 23417.000000
95 2.701000 23079.000000
96 2.724000 23292.000000
97 2.785000 23213.000000
98 2.771000 23225.000000
99 2.868000 23607.000000
100 3.083000 23536.000000
