2 0.368000 23570.000000
3 0.449000 25991.000000
4 0.635000 24081.000000
5 0.755000 24921.000000
6 0.828000 23871.000000
7 0.980000 23558.000000
8 1.128000 23036.000000
9 1.373000 23520.000000
10 1.745000 23093.000000
11 2.696000 24009.000000
12 2.702000 22657.000000
13 2.828000 23910.000000
14 3.100000 23231.000000
15 3.287000 23768.000000
16 3.529000 23547.000000
17 3.440000 23900.000000
18 3.321000 23787.000000
19 2.995000 23024.000000
20 3.165000 23398.000000
21 3.117000 23138.000000
22 3.442000 23335.000000
23 3.717000 22944.000000
24 4.008000 23376.000000
25 3.896000 23006.000000
26 4.709000 23122.000000
27 4.493000 22675.000000
28 4.744000 22251.000000
29 4.864000 22755.000000
30 5.010000 22479.000000
31 5.468000 22569.000000
32 5.578000 22040.000000
33 5.182000 22891.000000
34 5.421000 22690.000000
35 5.506000 22675.000000
36 5.507000 23110.000000
37 5.577000 22769.000000
38 6.001000 21911.000000
39 5.764000 22765.000000
40 6.582000 22710.000000
41 6.534000 22924.000000
42 6.425000 22345.000000
43 6.912000 21838.000000
44 6.192000 22735.000000
45 6.335000 22563.000000
46 6.235000 22467.000000
47 6.383000 22962.000000
48 6.681000 23030.000000
49 6.756000 22395.000000
50 6.956000 22133.000000
51 6.920000 22101.000000
52 7.286000 23023.000000
53 7.383000 22433.000000
54 7.314000 22615.000000
55 8.485000 22594.000000
56 8.670000 22612.000000
57 9.606000 22412.000000
58 13.406000 22728.000000
59 14.442000 22240.000000
60 14.273000 22662.000000
61 13.894000 22392.000000
62 13.927000 21176.000000
63 14.679000 22768.000000
64 14.852000 22171.000000
65 14.627000 22230.000000
66 14.271000 22388.000000
67 14.663000 21234.000000
68 13.484000 22384.000000
69 11.921000 21234.000000
70 11.078000 22004.000000
71 11.980000 22002.000000
72 11.174000 22249.000000
73 11.098000 22096.000000
74 11.887000 22602.000000
75 12.080000 22271.000000
76 12.497000 22826.000000
77 12.854000 22184.000000
78 13.615000 22629.000000
79 12.440000 22598.000000
80 12.888000 22013.000000
81 13.283000 22387.000000
82 12.453000 22460.000000
83 14.319000 22920.000000
84 12.684000 22057.000000
85 12.794000 22167.000000
86 13.661000 22489.000000
87 15.417000 21702.000000
88 14.696000 22433.000000
89 19.359000 22495.000000
90 19.357000 21983.000000
91 19.985000 21987.000000
92 21.015000 21842.000000
93 20.257000 22725.000000
94 20.861000 21965.000000
95 20.600000 22342.000000
96 20.718000 22488.000000
97 20.974000 21834.000000
98 21.870000 22026.000000
99 22.217000 22750.000000
100 23.488000 22522.000000
